rs10012946	rs1014290	rs10871777	rs1111875	rs12705333	rs12970134	rs13266634	rs17426359	rs176492	rs1801282	rs2383207	rs2383208	rs3751812	rs3754777	rs3772622	rs4402960	rs4712523	rs5219	rs6449213	rs662799	rs737267	rs766605	rs7903146
1	1	0	0	0	0	1	0	0	0	0	1	0	0	1	0	1	1	0	1	0	0	0
0	0	0	2	1	0	2	0	0	0	0	2	0	0	1	1	0	1	0	0	0	0	1
0	0	0	1	1	0	2	0	0	0	0	2	0	0	1	0	1	0	0	1	0	0	0
1	1	0	1	1	0	2	0	0	0	1	2	1	1	0	0	0	0	0	1	0	0	0
0	0	0	1	2	0	1	0	0	0	0	1	0	0	2	0	1	0	0	0	0	0	0
1	1	1	0	1	1	1	0	0	0	1	1	1	0	1	0	1	1	0	1	0	0	0
0	0	1	0	1	1	1	0	0	0	0	0	0	1	2	1	1	1	0	0	0	0	0
0	2	0	1	0	0	0	0	0	0	0	2	0	2	2	0	1	0	0	2	0	0	0
1	1	0	1	0	0	2	1	0	1	0	0	0	1	1	0	1	0	0	2	0	0	0
0	0	0	1	1	0	1	0	0	0	1	1	0	1	0	0	1	0	0	2	0	0	0
0	1	0	1	1	0	0	0	0	0	0	1	0	0	2	1	2	0	0	0	0	0	0
0	1	0	0	2	0	0	0	0	0	0	1	0	0	0	0	1	1	0	2	0	0	0
0	1	0	0	1	0	2	0	0	1	1	1	1	1	1	1	1	0	0	0	0	0	0
0	1	1	0	0	1	0	1	2	0	1	0	1	1	1	0	0	2	0	0	0	0	0
0	2	0	1	0	0	0	0	1	0	0	0	0	2	0	1	0	1	2	1	2	0	0
0	1	0	1	1	0	2	0	0	0	1	1	0	0	2	1	0	1	0	0	0	0	0
1	2	1	2	1	1	1	0	1	1	1	1	0	0	2	0	1	0	0	1	0	0	0
0	0	1	1	1	1	0	0	0	0	0	1	0	0	1	0	2	1	0	1	0	0	0
0	0	1	0	2	1	1	0	0	1	1	0	0	1	1	1	2	1	0	1	0	0	0
1	1	1	0	0	1	1	0	1	0	2	2	0	0	1	1	0	0	0	1	0	0	0
0	2	0	1	2	0	1	0	0	0	0	0	0	0	0	2	0	0	0	1	0	0	0
1	2	1	2	2	0	2	0	0	0	1	1	0	1	1	1	1	2	0	1	0	0	0
0	1	0	0	2	0	0	0	0	0	1	1	0	0	1	2	0	0	1	1	0	0	0
0	0	0	0	2	0	1	0	0	0	1	2	1	0	2	2	0	0	0	1	0	0	0
0	2	0	0	0	0	0	0	0	0	0	2	1	0	1	0	2	2	0	0	0	0	0
0	1	0	1	1	0	0	0	0	0	1	1	0	1	2	0	1	0	0	1	0	0	0
0	0	1	0	1	1	1	0	0	0	1	1	1	0	0	0	1	0	0	0	0	0	0
0	0	0	0	1	0	1	1	0	0	1	0	0	1	0	1	1	1	0	1	0	0	0
0	0	0	1	1	0	0	0	1	0	1	0	1	0	1	0	0	0	0	0	0	0	0
0	0	0	1	0	0	2	0	1	0	0	0	0	0	2	0	2	0	0	0	0	0	0
0	1	0	0	2	0	1	0	0	0	0	1	0	0	1	1	1	0	0	0	0	0	0
0	1	0	0	2	0	0	0	0	0	1	1	0	1	1	0	0	0	0	1	0	0	1
0	0	0	0	0	0	1	0	2	0	1	2	0	2	2	0	1	1	0	0	0	0	0
0	1	1	0	2	1	1	0	0	1	2	0	0	0	0	1	0	0	0	0	0	0	0
0	1	0	1	0	0	0	1	1	0	1	2	0	0	2	0	2	0	0	0	0	0	0
1	1	1	1	0	1	1	1	0	0	2	0	0	0	1	0	2	2	0	0	0	0	0
0	2	0	1	2	0	2	0	0	0	1	0	0	0	1	0	0	1	0	0	0	0	0
1	1	0	2	0	0	1	0	0	0	1	1	0	1	1	0	0	1	0	1	0	0	0
1	0	0	0	1	0	0	0	0	0	1	1	1	1	0	1	2	0	0	0	0	0	0
0	2	0	0	1	0	0	0	0	0	1	0	0	0	2	0	0	2	0	1	0	0	0
0	1	0	1	0	0	0	0	1	0	1	0	0	0	1	0	1	0	0	1	0	0	0
0	2	1	1	2	1	1	0	0	0	1	0	0	0	1	1	1	1	0	2	0	0	0
0	0	0	0	1	0	0	0	0	0	0	0	0	1	1	0	2	0	0	1	0	0	0
0	1	0	1	1	0	1	1	0	0	1	0	0	2	0	2	1	1	0	2	0	0	0
0	1	0	1	2	0	2	0	0	0	1	2	0	0	0	2	0	1	0	1	0	0	1
0	2	0	0	1	0	1	0	1	0	0	0	1	1	1	0	1	1	0	1	0	0	0
0	0	2	0	2	1	1	0	0	1	1	1	0	0	1	1	1	1	0	0	0	0	0
0	1	0	1	0	0	1	1	0	0	1	0	0	0	1	0	1	1	0	1	0	0	1
1	0	0	0	2	0	0	0	0	0	1	0	0	1	2	0	1	1	0	0	0	0	0
0	1	0	0	0	0	1	1	0	0	1	1	0	1	1	0	0	1	0	1	0	1	0
0	1	0	1	1	0	0	0	0	0	2	2	2	0	0	0	1	0	0	0	0	0	0
0	2	0	1	2	0	2	0	0	0	1	0	0	0	1	1	0	1	0	0	0	0	0
0	1	0	1	2	0	1	0	0	0	1	1	0	0	0	0	2	0	1	0	0	0	0
0	1	0	1	0	0	0	0	1	0	1	1	0	0	0	0	1	1	0	0	0	0	0
0	2	0	1	0	0	1	0	2	0	2	0	0	0	2	1	1	0	0	1	0	0	0
0	0	1	0	1	1	1	1	0	0	0	1	1	1	0	0	0	1	0	0	0	0	0
0	0	1	1	2	1	1	0	0	1	1	1	0	1	0	0	0	1	0	0	0	0	0
0	0	0	0	2	0	1	0	0	0	0	2	2	1	2	0	1	2	0	0	0	2	0
1	1	0	1	0	0	2	0	1	0	2	1	1	1	0	0	2	1	0	0	0	0	0
0	2	0	1	0	0	2	0	0	0	0	1	1	1	1	1	0	1	1	1	1	0	0
0	0	0	2	1	0	0	1	0	0	1	0	1	0	1	1	0	0	0	1	0	0	0
0	0	0	1	1	1	2	0	0	0	0	0	1	0	1	2	1	1	0	0	0	0	0
0	0	0	0	1	0	2	1	0	0	1	0	0	1	2	0	0	1	0	0	0	0	0
0	0	1	1	1	1	1	1	0	0	1	2	0	1	2	0	0	0	0	0	0	0	0
0	0	1	0	1	2	2	1	0	0	1	1	0	1	1	0	2	1	0	0	0	0	1
0	1	0	0	0	0	0	0	0	0	1	0	0	0	0	0	1	1	0	1	0	0	0
0	1	0	0	0	0	0	0	1	0	0	1	0	1	2	1	1	0	0	1	0	0	0
1	1	0	1	1	0	0	0	1	0	1	1	0	0	0	0	1	1	0	0	0	1	0
0	0	1	0	1	1	1	0	1	0	2	0	0	0	1	1	0	1	0	2	0	0	1
1	0	0	0	2	0	0	0	0	0	1	0	1	0	0	1	1	0	0	0	0	0	1
0	1	0	1	1	0	2	0	1	0	1	0	0	1	1	0	0	1	0	1	0	0	0
0	1	0	1	2	0	1	0	0	1	0	1	0	1	0	0	0	0	0	0	0	0	0
0	1	0	0	2	0	1	0	0	0	0	2	0	0	2	0	2	2	0	0	0	0	0
0	0	0	1	2	0	0	0	0	1	0	1	0	0	1	0	1	0	0	0	0	0	0
0	1	1	1	1	1	0	0	1	0	0	0	0	0	0	0	0	1	0	1	0	0	0
0	1	0	1	1	0	2	0	1	0	2	1	1	0	1	0	1	0	0	1	0	0	0
0	1	0	0	2	0	0	0	0	0	1	1	0	1	1	1	0	0	0	0	0	0	0
1	0	0	0	1	1	0	0	0	0	1	1	0	0	1	1	0	0	0	2	0	0	0
0	1	0	1	0	0	1	0	0	0	1	1	0	0	2	0	0	0	0	1	0	0	0
0	0	1	2	0	1	2	0	0	1	0	1	0	0	2	0	1	0	0	2	0	0	0
0	1	1	1	1	1	0	0	0	0	1	1	0	0	0	0	0	1	0	0	0	0	0
0	2	0	1	1	0	1	0	1	0	2	0	0	1	1	0	0	1	0	1	0	0	0
0	1	0	1	1	0	1	0	0	0	0	0	0	0	2	1	1	2	0	0	0	0	0
0	1	0	1	1	0	1	0	0	0	0	2	1	1	0	1	1	1	0	2	0	0	0
0	1	0	1	1	1	0	0	0	0	1	0	0	0	0	0	1	1	0	0	0	0	0
0	0	0	0	0	0	2	0	0	0	1	1	0	0	0	0	0	2	0	1	0	0	0
0	1	0	1	1	0	1	0	1	0	1	1	2	0	0	0	2	2	0	1	0	0	0
1	1	0	0	0	0	2	1	0	0	1	0	0	1	0	0	1	1	0	1	0	0	0
0	0	0	2	1	0	1	0	1	0	1	0	0	0	1	1	0	2	0	0	0	0	0
0	1	0	0	0	0	1	0	0	0	1	1	1	0	1	0	1	0	0	0	0	0	0
0	1	1	1	0	1	1	0	2	1	1	1	0	1	2	0	1	0	0	0	0	0	0
1	0	1	0	1	1	1	0	0	0	0	2	0	1	2	0	1	2	0	2	0	0	0
0	1	0	2	1	0	0	0	1	0	1	0	0	1	2	0	0	0	0	2	0	0	0
0	0	0	1	1	0	0	0	0	1	1	1	0	1	0	0	2	1	0	0	0	0	1
0	0	0	1	2	0	2	0	0	0	2	0	1	2	1	0	1	1	0	1	0	0	0
0	0	1	0	1	1	2	0	0	0	0	1	0	0	2	0	2	0	0	1	0	0	0
0	0	0	1	2	0	2	0	0	1	2	0	0	0	1	0	0	1	0	1	0	0	0
0	1	1	2	0	1	1	0	0	0	1	0	0	0	0	0	0	0	0	1	0	1	0
0	0	0	2	1	0	2	0	0	0	1	2	0	1	0	1	1	2	0	1	0	0	0
0	0	0	2	1	0	2	0	0	0	1	2	0	1	0	1	1	2	0	1	0	0	0
0	0	0	1	1	0	0	0	0	0	1	0	0	1	2	0	0	1	0	0	0	0	0
0	0	0	0	0	0	1	0	1	0	1	1	1	1	0	1	1	1	0	1	0	0	0
0	1	0	0	1	0	0	0	0	0	1	0	0	1	0	0	1	2	0	1	0	1	0
0	1	0	0	0	0	0	0	1	1	1	1	2	0	0	0	1	1	0	0	0	1	0
0	0	0	1	0	1	0	0	1	0	0	1	2	0	1	0	0	0	0	1	0	0	0
0	1	0	1	1	0	1	0	0	0	2	0	0	0	2	2	1	1	0	1	0	0	0
1	1	0	1	1	0	1	0	0	0	0	0	1	0	1	1	0	1	0	0	0	0	0
0	1	0	0	0	0	0	1	0	1	0	2	0	1	2	1	0	1	0	0	0	0	0
0	1	0	2	1	0	0	0	0	0	2	1	0	1	0	0	0	2	0	1	0	0	0
0	0	0	1	2	1	0	0	0	0	0	2	0	1	1	1	2	2	0	0	0	0	0
1	2	0	1	1	0	1	0	0	0	0	1	1	1	0	0	1	2	0	1	0	0	0
0	0	0	1	1	0	1	1	1	2	2	0	0	0	1	0	0	2	0	0	0	0	0
0	1	0	0	2	0	2	0	0	0	1	1	0	0	0	0	0	0	0	1	0	0	0
0	0	1	0	1	1	2	1	0	0	1	1	1	0	1	2	0	0	0	0	0	0	0
0	1	0	1	2	0	0	0	0	0	1	1	0	0	0	0	2	0	0	0	0	0	1
